 Frequencies = [   0   43   86  129  172  215  258  301  344  387  430  473  516  559  602
  645  689  732  775  818  861  904  947  990 1033 1076 1119 1162 1205 1248
 1291 1335 1378 1421 1464 1507 1550 1593 1636 1679 1722 1765 1808 1851 1894
 1937 1981 2024 2067 2110 2153 2196 2239 2282 2325 2368 2411 2454 2497 2540
 2583 2627 2670 2713]
 Power = [  2.14972533e-06   2.15611142e-06   2.17515649e-06   2.20819681e-06
   2.25576505e-06   2.32038918e-06   2.40440689e-06   2.51130631e-06
   2.64715140e-06   2.81972011e-06   3.04109068e-06   3.32943696e-06
   3.71426390e-06   4.24642311e-06   5.02191461e-06   6.24332283e-06
   8.42823518e-06   1.34092293e-05   3.57448142e-05   4.73393878e-05
   1.37552108e-05   7.89114478e-06   5.45947374e-06   4.13226922e-06
   3.29814111e-06   2.72677354e-06   2.31181902e-06   1.99731015e-06
   1.75115150e-06   1.55379613e-06   1.39229469e-06   1.25764761e-06
   1.14398344e-06   1.04718593e-06   9.63287935e-07   8.90355105e-07
   8.26659563e-07   7.69654084e-07   7.19463907e-07   6.74499229e-07
   6.34209087e-07   5.97728773e-07   5.64692510e-07   5.34508500e-07
   5.06983115e-07   4.82098481e-07   4.59109025e-07   4.37646888e-07
   4.17925386e-07   3.99649046e-07   3.82874005e-07   3.67042624e-07
   3.52551530e-07   3.38875653e-07   3.26009529e-07   3.13833880e-07
   3.02763089e-07   2.92143529e-07   2.82227588e-07   2.72974285e-07
   2.64174657e-07   2.55726902e-07   2.47763091e-07   2.40313505e-07]
